{"nbformat":4,"nbformat_minor":0,"metadata":{"colab":{"provenance":[],"authorship_tag":"ABX9TyPNcQZa7KKJam0T4FTSPT9g"},"kernelspec":{"name":"python3","display_name":"Python 3"},"language_info":{"name":"python"}},"cells":[{"cell_type":"markdown","source":["## < Problem 1 >\n","![problem 1](https://github.com/seoupark1/Stochastic-Control/blob/main/assets/images/kinematics/triad_method/triad_method_01.png?raw=true)"],"metadata":{"id":"wtec6fyZ-AHw"}},{"cell_type":"code","execution_count":null,"metadata":{"colab":{"base_uri":"https://localhost:8080/"},"id":"Azl_iM7LnHdq","executionInfo":{"status":"ok","timestamp":1781875320254,"user_tz":-540,"elapsed":17,"user":{"displayName":"박서우","userId":"03179510835938351812"}},"outputId":"212889ad-c5e0-42fd-b9a6-ec5b6a4f2907"},"outputs":[{"output_type":"stream","name":"stdout","text":["[[ 0.41555875 -0.85509088  0.31004921]\n"," [-0.83393237 -0.49427603 -0.24545471]\n"," [ 0.36313597 -0.15655922 -0.91848869]]\n"]}],"source":["import numpy as np\n","\n","def tilde(v):\n","    result = np.array([[0, -v[2], v[1]],\n","                       [v[2], 0, -v[0]],\n","                       [-v[1], v[0], 0]])\n","\n","    return result\n","\n","# set sensor v1 is more accurate than sensor v2\n","def TRIAD_method(v1_B, v2_B, v1_N, v2_N):\n","\n","    # normalization\n","    v1_B = v1_B / np.linalg.norm(v1_B)\n","    v2_B = v2_B / np.linalg.norm(v2_B)\n","    v1_N = v1_N / np.linalg.norm(v1_N)\n","    v2_N = v2_N / np.linalg.norm(v2_N)\n","\n","    # define t\n","    t1_B = v1_B\n","    t2_B = tilde(v1_B) @ v2_B / np.linalg.norm(tilde(v1_B) @ v2_B)\n","    t3_B = tilde(t1_B) @ t2_B\n","\n","    t1_N = v1_N\n","    t2_N = tilde(v1_N) @ v2_N / np.linalg.norm(tilde(v1_N) @ v2_N)\n","    t3_N = tilde(t1_N) @ t2_N\n","\n","    # get dcm_estimate\n","    dcm_BbarT = np.column_stack((t1_B, t2_B, t3_B))\n","    dcm_NT = np.column_stack((t1_N, t2_N, t3_N))\n","    dcm_BbarN = dcm_BbarT @ np.transpose(dcm_NT)\n","\n","    return dcm_BbarN\n","\n","\n","v1_B = np.array([0.8273, 0.5541, -0.0920])\n","v2_B = np.array([-0.8285, 0.5522, -0.0955])\n","v1_N = np.array([-0.1517, -0.9669, 0.2050])\n","v2_N = np.array([-0.8393, 0.4494, -0.3044])\n","print(TRIAD_method(v1_B, v2_B, v1_N, v2_N))\n"]},{"cell_type":"markdown","source":["## < Problem 2 >\n","![problem 2](https://github.com/seoupark1/Stochastic-Control/blob/main/assets/images/kinematics/triad_method/triad_method_02.png?raw=true)"],"metadata":{"id":"vPPp8yEZ9_my"}},{"cell_type":"code","source":["import numpy as np\n","\n","def C2PRV(dcm_estimate, dcm_true):\n","    # error = dcm_BbarB\n","    dcm_error = dcm_estimate @ np.transpose(dcm_true)\n","\n","    # principal angle 구하기\n","    PRV_angle = np.arccos((np.trace(dcm_error) - 1) / 2)\n","    PRV_angle = np.degrees(PRV_angle)\n","\n","    return PRV_angle\n","\n","dcm_BbarN = np.array([[0.969846, 0.17101, 0.173648], [-0.200706, 0.96461, 0.17101], [-0.138258, -0.200706, 0.969846]])\n","dcm_BN = np.array([[0.963592, 0.187303, 0.190809], [-0.223042, 0.956645, 0.187303], [-0.147454, -0.223042, 0.963592]])\n","print(C2PRV(dcm_BbarN, dcm_BN))\n"],"metadata":{"colab":{"base_uri":"https://localhost:8080/"},"id":"BNWlIYbt9CpH","executionInfo":{"status":"ok","timestamp":1781875322329,"user_tz":-540,"elapsed":46,"user":{"displayName":"박서우","userId":"03179510835938351812"}},"outputId":"cef7b5a5-3581-487b-80b5-26406196ca69"},"execution_count":null,"outputs":[{"output_type":"stream","name":"stdout","text":["1.8349476067250545\n"]}]}]}